38 38
31 36
38 14
17 33
31 17
26 23
18 15
11 24
17 37
20 32
33 16
34 10
33 21
16 29
18 17
26 33
32 25
30 14
29 36
34 18
31 35
29 27
33 13
13 19
14 17
11 10
18 16
16 35
23 33
35 11
11 30
14 28
23 23
37 29
29 15
14 12
23 39
23 22
36 22
32 26
37 30
32 21
14 36
10 19
12 39
37 37
17 28
11 11
37 11
31 38
19 29
26 29
35 37
14 19
18 23
38 26
39 36
14 37
24 38
36 31
27 36
35 29
31 14
18 11
23 25
15 31
36 31
17 17
33 25
25 27
12 38
21 16
22 25
24 28
25 31
28 31
27 28
12 18
25 22
26 34
23 26
26 30
27 32
18 34
38 29
20 26
38 16
10 30
34 31
39 25
29 30
28 13
33 25
38 26
18 15
38 37
27 24
30 10
26 10
23 15
28 31
36 27
23 33
14 37
31 35
16 28
32 13
35 12
13 28
26 24
27 34
15 37
28 29
15 19
15 11
26 34
18 10
34 26
36 35
32 10
29 27
17 35
24 36
24 25
32 24
30 19
35 24
15 12
30 34
31 26
16 29
31 10
20 29
11 30
10 11
10 21
26 22
28 28
24 15
35 15
25 13
24 18
24 38
25 28
26 12
25 13
13 34
36 16
12 29
27 17
29 33
32 16
39 12
19 16
10 37
37 34
29 38
35 17
17 35
29 29
32 12
37 16
26 23
22 15
12 23
39 31
17 36
37 32
35 22
32 39
19 14
27 37
32 10
37 14
35 39
38 37
35 14
26 24
31 25
19 12
38 37
20 32
33 20
15 33
20 22
29 38
38 10
26 29
36 19
33 30
10 18
11 15
11 26
13 29
27 37
24 33
39 32
33 34
14 36
30 35
13 15
31 16
13 14
19 12
23 10
39 10
36 14
35 33
17 33
36 34
35 36
34 30
32 12
31 12
12 22
14 27
23 35
32 23
16 20
24 32
28 26
34 19
24 30
36 20
31 12
39 25
34 16
12 20
31 17
30 22
22 11
10 25
15 34
35 11
33 17
39 35
35 10
17 33
24 35
13 23
18 16
36 34
27 39
10 23
32 25
16 19
37 29
19 37
37 12
20 24
27 14
14 21
14 29
38 36
14 32
21 16
26 20
19 13
25 19
17 30
16 23
12 22
23 32
12 28
27 35
16 33
15 12
15 22
24 22
33 13
29 12
13 18
30 38
32 17
35 31
14 28
26 16
27 11
15 15
14 22
18 31
13 25
11 29
29 36
31 35
36 17
35 14
17 25
35 35
21 24
21 13
10 14
35 38
22 35
21 14
17 12
23 27
12 33
17 35
33 20
31 17
14 15
14 16
38 39
16 23
35 16
25 10
10 36
18 24
37 26
31 35
19 36
25 38
20 16
23 20
25 28
35 38
38 29
35 12
11 20
21 38
17 39
25 24
16 38
36 27
38 25
21 28
33 28
10 35
14 32
27 13
34 39
21 32
21 15
28 12
35 11
20 22
25 31
31 19
39 27
19 32
14 13
33 13
25 37
37 27
28 17
36 13
15 32
24 20
27 31
33 11
36 27
32 37
26 30
23 15
38 36
37 38
25 12
28 30
34 14
22 18
39 15
19 31
13 22
32 39
37 18
14 33
18 17
39 12
23 17
21 33
34 26
15 24
38 35
34 17
32 18
12 36
10 34
29 34
30 21
32 29
22 20
20 20
17 38
11 20
33 37
39 29
28 21
24 21
30 10
20 12
30 36
36 36
38 22
25 29
22 26
14 10
17 31
11 33
14 19
32 38
29 17
26 11
27 13
28 38
22 38
28 27
19 31
27 22
29 25
26 18
22 36
22 10
37 20
12 35
31 28
35 26
36 26
22 35
18 13
13 37
18 31
32 34
24 39
12 13
36 23
32 38
14 38
24 13
29 31
21 12
26 14
31 24
35 30
20 14
23 31
17 23
27 34
22 27
35 30
11 18
21 21
39 39
13 14
22 16
12 35
25 13
32 30
15 34
28 18
24 14
29 38
30 13
11 24
20 13
12 32
25 17
33 37
30 30
34 37
22 10
28 24
37 11
16 26
18 15
24 30
31 25
38 35
33 15
34 23
29 24
17 37
21 27
26 38
30 31
38 32
31 36
18 19
14 19
22 22
22 38
39 27
39 19
12 17
11 26
17 10
13 25
27 19
15 24
20 17
14 39
26 18
34 25
13 23
38 34
28 23
26 29
39 25
33 35
38 17
27 39
23 25
21 20
17 38
38 33
22 10
13 21
28 28
14 28
20 30
18 26
34 34
14 15
13 35
15 21
33 23
13 17
29 17
38 31
25 19
18 14
29 21
25 27
34 31
39 23
15 29
18 24
11 25
35 17
39 13
22 23
29 31
25 31
28 24
20 19
33 30
24 28
38 27
22 39
16 14
28 36
37 25
33 21
37 13
11 36
34 18
13 31
28 39
37 36
13 33
10 16
14 29
33 19
28 26
35 17
23 12
33 10
14 34
18 33
22 14
27 12
10 12
19 16
15 31
18 26
20 35
25 19
36 28
33 12
25 17
38 21
31 32
31 24
24 33
12 14
11 19
36 33
16 34
37 21
31 27
38 26
26 10
30 34
16 10
34 28
21 36
17 23
34 18
37 33
19 39
22 30
31 25
22 31
13 20
10 12
22 36
21 15
31 15
39 15
19 36
37 35
12 32
22 25
26 15
34 10
25 11
30 38
31 38
26 38
38 29
20 32
23 16
10 26
39 10
21 10
20 32
12 30
22 24
15 12
30 22
33 26
13 10
15 36
33 12
18 31
17 39
26 25
12 19
11 10
14 36
11 36
30 34
19 29
36 28
16 12
28 24
21 31
12 36
39 14
35 27
27 21
29 27
32 13
21 34
16 32
18 21
37 22
14 33
19 22
24 22
21 30
33 39
37 36
37 23
27 26
34 29
14 28
35 19
24 21
20 13
23 23
20 20
11 18
34 29
21 31
25 15
37 25
33 16
23 23
20 17
26 31
38 39
28 26
37 36
18 18
16 18
23 29
13 19
15 26
16 32
12 35
18 32
27 24
17 34
24 29
12 37
36 19
28 19
14 21
11 25
35 11
15 36
11 36
16 29
23 30
15 28
12 34
37 39
28 17
33 31
24 38
15 18
15 28
39 23
37 38
35 13
10 21
33 21
19 24
13 39
15 33
14 27
25 23
36 31
21 36
22 38
22 17
24 23
35 19
26 16
12 31
29 11
19 19
25 17
30 28
11 27
26 24
36 20
11 16
11 13
23 22
22 11
32 28
38 17
12 37
35 12
11 11
30 24
26 32
21 38
28 39
37 28
27 29
14 37
10 35
37 21
24 17
23 10
10 17
17 19
16 28
20 22
30 14
22 10
17 16
14 28
38 19
39 36
26 11
31 26
30 13
24 37
25 10
13 13
33 23
21 12
14 13
24 37
15 25
33 16
35 20
29 22
18 22
36 22
26 38
20 18
13 36
15 30
16 22
29 29
14 25
17 39
14 13
30 16
35 14
12 14
22 18
10 18
39 13
20 31
20 18
34 35
24 21
25 28
26 22
39 34
26 20
18 31
35 26
16 11
23 37
36 28
16 26
35 14
20 34
11 29
39 31
27 16
34 31
19 25
27 39
37 16
15 25
19 23
32 15
17 22
11 16
38 20
34 39
25 27
38 30
30 24
28 38
32 37
29 27
38 17
25 25
35 21
35 16
33 13
23 10
19 15
17 21
32 13
20 12
10 10
34 13
35 21
12 35
36 22
35 14
37 39
26 33
30 21
32 20
31 38
21 23
18 38
35 31
23 23
31 31
28 17
23 26
17 30
21 23
17 26
21 27
26 32
24 22
38 30
20 15
12 14
14 11
17 39
33 32
38 27
37 21
12 38
29 17
10 37
24 12
10 12
13 19
35 33
35 14
30 12
31 10
31 28
10 19
29 21
24 34
12 10
18 23
38 30
16 35
37 33
12 39
39 14
25 11
24 10
26 17
25 18
19 34
33 29
12 18
37 28
34 34
38 17
34 28
13 26
35 10
11 38
25 20
20 24
17 14
12 26
35 38
13 26
27 17
18 25
20 37
16 34
24 30
38 14
14 31
37 34
29 35
21 20
23 29
20 29
33 35
38 38
10 36
34 11
39 15
31 26
13 25
19 34
33 28
19 28
36 31
16 38
37 13
28 27
12 15
13 39
21 17
29 35
21 30
27 18
10 21
19 18
31 15
30 30
20 37
26 30
20 14
35 27
33 27
34 31
29 19
13 38
39 34
33 21
35 24
22 31
31 10
32 36
21 39
19 31
33 19
13 38
27 24
31 39
19 14
10 32
30 15
14 17
30 22
35 14
27 13
25 34
34 33
38 23
12 34
16 28
16 39
35 11
26 31
24 24
20 37
10 11
37 34
31 24
20 25
29 14
15 34
20 28
24 20
18 37
38 12
38 32
35 11
31 20
22 15
19 10
37 16
24 14
11 37
34 29
